kernel, objects-clutter, lbp, test, iou, router, nerf, glasses, vader, brush, pig, cardboard, stand, fuse, catan, precision, recall
linear, all-all, 0, test, 0.08718836999002484, 0.1245387342286173, 0.3036246389436544, 0.0, 0.0057473512662287235, 0.06523588853856309, 0.001011816174361862, 0.15321490120681194, 0.0, 0.004890883943666526, 0.2319395608596698, 0.006, 0.023
linear, all-all, 0, validate, 0.22094512039842526, 0.1632768463612681, 0.21030152624972653, 0.34281914144796044, 0.08034305675453211, 0.13927897441571688, 0.28401929265916687, 0.4460224962548407, 0.01956437279338542, 0.15634878345401138, 0.3421880918530446, 0.013, 0.018
linear, all-all, 4, test, 0.12260831287210833, 0.06482333220826236, 0.507250976912398, 0.0, 0.005827363954852475, 0.06468572819618021, 0.00022030687530428015, 0.12355636792742009, 0.0, 0.004530506575552732, 0.2036645082390024, 0.029, 0.041
linear, all-all, 4, validate, 0.24867086160281468, 0.3445597709723516, 0.2165233767734245, 0.11200040036869571, 0.10176616734203991, 0.1334369190597457, 0.27270620771867937, 0.37879595929925686, 0.03492001435502683, 0.296527912629612, 0.4710618766361504, 0.020, 0.029
poly, all-all, 0, test, 0.1075979967009683, 0.14017669646850398, 0.416104055661884, 0.0, 0.0073916699132327394, 0.06329483008197513, 2.7098791010823747e-05, 0.07548566582886371, 0.0, 0.00456359992025663, 0.2041726096778991, 0.004, 0.021
poly, all-all, 0, validate, 0.21968813986851848, 0.22755625240322713, 0.32349518029275254, 0.09077672217798159, 0.2353246753246753, 0.09015612008036213, 0.2638348410452234, 0.32241152976850795, 0.03913578043110692, 0.12215288402179454, 0.3892694619592418, 0.013, 0.031
poly, all-all, 4, test, 0.12564761705539534, 0.1391720627833365, 0.5203228806500693, 0.0, 0.0011528682597121143, 0.08452288231918896, 0.0, 0.19450309919805742, 0.0, 0.004310411300499858, 0.20309137409355074, 0.019, 0.035
poly, all-all, 4, validate, 0.2601499758073836, 0.349710289461563, 0.16002292646450378, 0.23578391119879888, 0.18914226701071743, 0.10279784505126378, 0.36252596143764443, 0.4170846817601111, 0.046200980295539304, 0.11147243976012014, 0.4905089202845076, 0.018, 0.033
rbf, c615-c615, 0, test, 0.08481831745067772, 0.142850827711499, 0.23682210268345566, 0.0, 0.005174710548274516, 0.07885082954527986, 0.001009690200522882, 0.037421059677749655, 0.0, 0.0018879189473546604, 0.1697695161094242, 0.002, 0.007
rbf, c615-c615, 0, validate, 0.2205201073318273, 0.13483980039002538, 0.41543074164511673, 0.2272867761461101, 0.14736111402749247, 0.10359696520100593, 0.4349874130686555, 0.23157039067495386, 0.05320984211103529, 0.13114266049522852, 0.4236272851225669, 0.013, 0.028
rbf, c615-mobi, 0, test, 0.06675999799015578, 0.09676119651032442, 0.1754891502568188, 0.0, 0.000323746873017207, 0.028331698916221355, 0.0, 0.09601329513525314, 0.0, 0.007327712354031966, 0.1705911065333066, 0.001, 0.005
rbf, c615-mobi, 0, validate, 0.25579986783387615, 0.32003725384418, 0.22547386083336526, 0.05211750767827485, 0.13513179050002064, 0.21331942682799335, 0.29126400465624025, 0.36566135877797024, 0.07962971764712462, 0.24058784085376436, 0.42294416621385833, 0.007, 0.022
rbf, mobi-c615, 0, test, 0.03885270357854103, 0.051673065937238014, 0.006540333884753111, 0.0, 0.00361013988124539, 0.06198292284261205, 0.001850657994242436, 0.12419453469742703, 0.0, 0.005273566101177931, 0.19316253608247339, 0.001, 0.007
rbf, mobi-c615, 0, validate, 0.2727881475340256, 0.19469213704733682, 0.3779578665934676, 0.22679024706870762, 0.12819131824177235, 0.09890239009746314, 0.307233366060277, 0.39913305008118943, 0.055908617329194214, 0.23105602234940545, 0.4872664312568826, 0.019, 0.032
rbf, mobi-mobi, 0, test, 0.09259861644962078, 0.017400413009812262, 0.2680909733968816, 0.0, 0.0013555483231515281, 0.045720763752298166, 0.0, 0.32610464997890787, 0.0, 0.0051861198444389306, 0.20955640278162005, 0.007, 0.024
rbf, mobi-mobi, 0, validate, 0.2849171443281563, 0.3141060066299832, 0.22227771815307537, 0.26485155380159353, 0.1728638592553609, 0.06794714684182261, 0.3768301128365714, 0.5013365043262163, 0.058908607754629125, 0.1626991402010308, 0.48172174464984646, 0.014, 0.031
rbf, all-all, 0, test, 0.11583656097745643, 0.1503588970962888, 0.39942951524867465, 0.0, 0.00464094600706666, 0.0571806678096284, 0.00023087233407994738, 0.12600002687734424, 0.0, 0.004658772462787922, 0.26467856354656216, 0.008, 0.029
rbf, all-all, 0, validate, 0.28718222350121053, 0.44555278910283336, 0.38701511921559706, 0.26109853677197237, 0.04558406064482704, 0.05391087481514012, 0.24309061181947444, 0.40609659833440415, 0.024713225308767458, 0.12645965474031434, 0.49209207683695416, 0.017, 0.031
rbf, all-all, 1, test, 0.0892563179477878, 0.09623607034727741, 0.38334447365700663, 0.0, 0.0034092017954788193, 0.08907233674473672, 0.0008346263324292486, 0.18198396084936166, 0.0, 0.004976805355762326, 0.1311612321770485, 0.004, 0.020
rbf, all-all, 1, validate, 0.2300174842053613, 0.24109462359946432, 0.36523215346744764, 0.1306901626070668, 0.26042039028550024, 0.09414649700311854, 0.21294937842722553, 0.36335834903756803, 0.09788166637936646, 0.17272745647263713, 0.3865174348315945, 0.009, 0.027
rbf, all-all, 2, test, 0.11159378005658156, 0.07979634330222059, 0.4633479492789955, 0.0, 0.001991205591886611, 0.06364563996366406, 6.949800299962652e-06, 0.19013199092369312, 0.0, 0.0051951183554071285, 0.2348693339679966, 0.011, 0.033
rbf, all-all, 2, validate, 0.25239261434287247, 0.4175868921435721, 0.4114911159838673, 0.18009783026029896, 0.11490268743359161, 0.13753510648088957, 0.11998378418645941, 0.4262138720404989, 0.11767249144298324, 0.23206362455430046, 0.381620497077939, 0.013, 0.026
rbf, all-all, 3, test, 0.11151621382156994, 0.09919988923183083, 0.46573206603401895, 0.0, 0.001268427244550579, 0.07619416297399595, 0.00011920343095386322, 0.14317635399267012, 0.0, 0.005245900844692836, 0.20666055291787433, 0.010, 0.025
rbf, all-all, 3, validate, 0.2652426552065867, 0.4932488686049647, 0.49027902682985935, 0.13329667034379128, 0.14904209677667377, 0.1440482354956026, 0.28240551759403926, 0.34922718751977677, 0.03886791165724377, 0.23435660841045503, 0.49144438086564385, 0.026, 0.033
rbf, c615-c615, 4, test, 0.08443913584190527, 0.05314134101617371, 0.4349959097614118, 0.0, 0.0028853871690181277, 0.03704149921899983, 0.0009247805084312107, 0.04540403337729824, 0.0, 0.00407944990922562, 0.18208817240773448, 0.005, 0.016
rbf, c615-c615, 4, validate, 0.25230696599569236, 0.2208368714960483, 0.4433794425974636, 0.09672301960252429, 0.22378952650759856, 0.17111403062059444, 0.24261007683924002, 0.34639000877859183, 0.03954617934931035, 0.10438716523778936, 0.45050878445822, 0.009, 0.022
rbf, c615-mobi, 4, test, 0.10733497384249828, 0.025607355057530264, 0.23606505062160082, 0.0, 0.0060437084505926405, 0.027208332019597384, 0.0, 0.13081505790688622, 0.0, 0.008782968899916935, 0.2173206109651827, 0.002, 0.013
rbf, c615-mobi, 4, validate, 0.22300496686503887, 0.25898916777291686, 0.15648570339689208, 0.30077528575423007, 0.11593559619625109, 0.13853875591955145, 0.29242989287760723, 0.38698615114334317, 0.044184790237304275, 0.18993200753343756, 0.38461185573710316, 0.009, 0.025
rbf, mobi-c615, 4, test, 0.04026963961754742, 0.05625126006184097, 0.03020135144880286, 0.0, 0.0015587225138227058, 0.061224501669444084, 0.0010324720031846344, 0.025776103675805438, 0.0, 0.0047530897386579, 0.18936373382741267, 0.002, 0.004
rbf, mobi-c615, 4, validate, 0.23887160871107072, 0.2367105590128676, 0.41219735402847835, 0.2824879259177631, 0.04130279489380547, 0.10796893557711605, 0.2725999622978496, 0.46694755049858855, 0.022363775661591517, 0.2809273077400384, 0.28935142109485557, 0.026, 0.038
rbf, mobi-mobi, 4, test, 0.09639647850464274, 0.08452859504143598, 0.42441499358031076, 0.0, 0.006819439132741577, 0.07841456811895271, 0.0, 0.14838789871843908, 0.0, 0.006308933021851494, 0.13774395453483984, 0.003, 0.022
rbf, mobi-mobi, 4, validate, 0.2554989057197913, 0.2602219063712978, 0.3438816675150669, 0.2151554650499352, 0.29074445678016286, 0.10772373247555406, 0.35369954887816274, 0.2697475141371824, 0.03777421205922719, 0.16108834491858584, 0.47148865833678194, 0.006, 0.021
rbf, all-all, 4, test, 0.10493825936928869, 0.09450073697763986, 0.4253809051149901, 0.0, 0.0021985653878006015, 0.0594346417030987, 0.0, 0.11474511154023274, 0.0, 0.005331175452660268, 0.2782982949207348, 0.008, 0.038
rbf, all-all, 4, validate, 0.26789264622175973, 0.2988890923559373, 0.35357209722359895, 0.13744803485713272, 0.19410208148770575, 0.08759973706503703, 0.23691018634182323, 0.3763659492807098, 0.023156288262567517, 0.1536955151427086, 0.5567822217119407, 0.012, 0.027
sigmoid, all-all, 0, test, 0.10788131911809612, 0.0625761336161619, 0.5249413450987332, 0.0, 0.0021764928614026063, 0.03846844496701595, 0.001294282649442819, 0.12756196576389756, 0.0, 0.0038316042181638704, 0.1513992038168541, 0.019, 0.034
sigmoid, all-all, 0, validate, 0.27261398616145643, 0.32185527247907353, 0.26250610728893853, 0.1810847213304361, 0.12407376757087428, 0.08469388635769835, 0.22013422455128034, 0.4472038174554991, 0.048790120509631725, 0.1263170763418179, 0.44615381061920006, 0.013, 0.021
sigmoid, all-all, 4, test, 0.10012487630592136, 0.03948399373914249, 0.432648797426527, 0.0, 0.00610228844141688, 0.049024348919612167, 0.0007572020200701629, 0.13702419736798166, 0.0, 0.0010832275800327458, 0.20546979425812273, 0.008, 0.023
sigmoid, all-all, 4, validate, 0.25535825826617375, 0.182191012240174, 0.2709051956915225, 0.22549250390027772, 0.12360426453936828, 0.12090258366126809, 0.2741313667495688, 0.34040728407373955, 0.0, 0.08326329003273365, 0.5119685049967339, 0.013, 0.018
